100
10 17 38 46 61
3 18 36 57 72
2 19 32 56 73
13 30 37 55 74
12 27 33 53 69
13 41 1 20 51 24 4 46 45 58
53 36 16 37 32 65 31 18 43 55
59 48 57 33 38 63 15 14 10 34
70 42 61 6 74 12 35 22 39 66
67 49 19 50 26 56 71 69 64 7
52 8 54 28 73 9 21 60 29 2
68 25 44 17 47 5 27 23 11 75
62 30 40 72 3
9 27 32 54 66
13 22 34 50 74
14 26 35 59 65
10 16 36 60 73
4 28 40 48 72
33 59 47 71 57 17 49 39 35 16
68 9 40 12 38 37 21 66 51 58
24 36 14 70 7 22 23 25 27 73
53 31 8 55 64 44 6 52 20 65
69 1 11 72 28 56 29 10 54 5
50 60 74 30 34 19 75 2 26 15
32 46 13 48 4 45 43 62 42 41
3 67 61 18 63
10 23 39 53 72
8 27 32 46 63
13 20 36 52 65
3 18 33 56 66
6 30 44 54 71
71 63 20 48 7 65 10 11 3 43
57 60 30 74 68 75 50 24 5 58
56 25 6 35 31 51 23 36 27 38
9 29 37 54 12 32 73 62 2 41
64 18 33 44 69 49 40 22 61 8
13 55 66 1 16 70 4 46 39 34
45 72 59 15 26 14 47 67 17 42
52 28 19 53 21
14 19 37 53 69
3 25 38 48 70
15 28 33 51 61
7 18 44 49 64
10 29 43 54 73
67 23 14 40 35 20 11 26 56 46
10 54 52 47 71 57 45 31 19 73
63 13 15 18 1 5 70 48 61 21
69 49 7 60 36 38 30 33 53 66
42 25 22 37 44 8 39 50 24 55
64 3 58 28 51 32 59 41 2 17
29 16 9 74 27 34 6 43 72 65
4 62 75 68 12
4 20 38 57 65
6 27 42 51 64
15 22 35 53 71
5 30 33 49 73
7 21 34 50 69
1 29 9 69 56 66 54 59 21 36
60 61 18 3 33 46 48 25 70 12
26 35 16 5 4 22 13 32 58 6
15 72 28 17 55 74 39 49 67 63
7 24 73 38 14 41 23 51 34 30
71 37 2 27 44 19 50 40 64 53
20 42 11 62 43 75 65 57 8 31
68 52 47 45 10
10 25 32 57 73
5 16 37 54 75
4 29 36 51 74
14 20 31 46 64
1 24 43 50 70
60 43 69 32 51 47 35 42 29 70
61 65 18 40 21 66 68 31 50 45
23 4 52 22 2 7 15 44 17 20
67 19 57 73 10 6 58 27 25 41
36 12 72 49 63 56 14 8 28 53
24 39 30 71 1 48 16 11 64 38
54 9 46 59 5 26 33 75 3 34
13 55 62 37 74
4 24 45 48 64
8 17 43 54 69
5 19 31 46 75
10 27 34 47 70
7 23 44 57 74
35 25 18 45 33 72 66 30 59 48
67 43 34 15 4 74 60 29 12 70
47 65 17 44 37 1 75 23 16 46
62 2 40 3 54 20 9 69 42 21
10 50 22 49 73 31 61 5 19 55
24 27 41 11 68 36 6 53 51 8
71 57 32 52 58 7 13 38 64 26
56 28 63 39 14
13 30 41 57 71
14 24 34 46 73
4 25 31 53 61
5 28 39 54 72
1 18 35 50 66
14 2 26 72 22 18 49 67 24 54
7 40 47 27 46 63 12 34 5 31
64 61 19 8 69 52 33 29 25 57
42 53 3 28 44 59 71 38 56 55
21 16 65 23 73 10 30 32 4 43
36 60 13 62 48 20 35 1 11 45
9 15 68 39 50 75 17 70 41 58
51 66 74 6 37
2 20 32 60 67
10 25 31 51 65
3 27 43 49 66
7 28 38 50 75
4 17 42 54 73
45 58 16 66 68 47 25 36 2 69
67 5 41 49 51 52 17 34 73 20
63 71 37 55 28 6 42 62 18 19
39 60 48 53 13 14 72 4 1 43
56 3 29 70 50 31 40 38 15 35
7 59 27 8 11 32 10 64 30 21
23 26 74 12 9 75 24 65 46 44
61 33 54 57 22
3 24 31 53 70
11 17 40 57 69
6 27 44 49 74
5 23 32 60 65
9 18 38 47 75
44 56 47 4 33 64 46 40 35 63
50 6 48 16 31 5 15 30 34 17
12 73 24 53 49 59 66 9 38 13
11 70 42 69 25 23 74 28 36 2
8 37 14 41 60 75 57 20 65 67
61 18 32 22 51 1 45 7 43 72
39 27 26 62 21 54 19 55 52 3
71 29 58 10 68
5 20 40 54 67
8 22 37 50 72
2 18 34 47 63
15 24 44 46 62
12 27 35 57 64
50 70 37 67 71 57 24 45 51 49
66 19 29 31 27 34 2 75 35 69
56 61 30 43 11 72 4 63 32 21
28 54 64 26 13 48 36 8 7 59
58 15 23 40 6 44 74 73 65 60
33 22 10 25 20 55 1 39 42 9
46 47 41 17 5 38 53 16 3 52
68 12 18 14 62
3 17 42 59 64
12 16 40 54 65
9 19 36 52 61
6 22 45 51 72
11 30 44 49 63
72 63 1 49 66 17 3 24 2 12
46 43 41 58 5 19 42 56 10 15
29 69 8 13 52 9 48 4 62 22
11 37 14 21 64 65 74 55 6 70
45 27 44 36 71 18 51 26 38 23
39 25 31 30 16 40 20 28 60 33
68 7 53 61 73 54 75 57 47 59
34 67 50 35 32
15 24 35 46 63
6 27 32 53 69
11 19 44 58 70
3 25 37 47 65
9 29 41 55 68
75 38 9 57 71 52 45 4 41 73
34 40 62 15 70 44 50 13 23 67
18 69 21 30 42 14 20 31 28 37
68 48 24 64 10 63 54 33 35 46
8 19 39 56 36 27 2 25 5 65
12 16 6 32 55 22 58 17 1 60
7 51 11 74 29 59 49 66 3 72
61 47 53 43 26
10 26 32 51 65
11 18 43 59 75
2 16 35 48 66
8 23 38 47 69
14 28 42 57 62
74 65 67 60 72 73 39 1 40 38
49 18 70 44 42 64 2 62 27 59
68 24 32 52 8 31 37 14 50 75
9 15 6 25 34 66 13 16 17 51
36 71 54 47 20 28 53 10 33 57
43 19 69 26 41 58 56 46 7 11
22 29 55 45 35 5 48 63 30 4
61 23 21 12 3
2 19 44 59 63
5 18 40 47 69
1 26 35 52 64
15 29 31 54 73
11 30 32 49 74
58 6 42 36 70 24 33 18 27 67
74 64 62 1 39 22 5 17 73 32
38 7 26 4 68 9 31 13 54 46
35 60 40 71 56 29 59 3 69 57
14 10 63 75 15 2 21 41 65 28
50 37 23 52 61 44 48 53 8 25
66 19 45 20 49 34 72 30 55 11
16 51 12 47 43
10 20 42 54 75
11 21 40 53 62
8 27 43 56 72
1 18 44 60 71
3 29 34 59 69
57 49 67 69 58 24 15 61 55 19
7 37 9 53 65 5 14 34 11 32
28 17 66 44 10 26 40 16 38 60
41 4 30 43 46 13 68 8 59 39
3 71 52 56 6 21 29 22 23 48
27 12 47 31 54 50 1 25 73 18
62 33 42 35 2 64 75 45 20 72
74 63 51 36 70
3 26 45 58 72
15 17 40 57 67
12 19 33 47 63
7 24 31 51 66
13 29 39 46 61
34 36 52 59 69 35 18 45 14 4
62 58 64 73 23 40 28 51 9 41
48 25 46 13 11 49 72 7 39 37
21 12 57 29 67 54 60 31 20 68
30 10 5 70 26 50 17 38 27 75
63 47 32 6 61 3 42 55 8 66
16 71 2 19 53 65 33 43 74 22
1 56 24 15 44
12 26 38 56 63
13 16 43 49 67
10 25 40 58 75
3 20 44 48 61
6 18 33 53 65
25 49 74 59 41 30 53 8 51 1
34 75 15 43 24 10 52 73 18 57
63 65 27 36 67 28 69 22 62 42
72 64 35 26 11 55 29 17 21 3
58 19 44 32 40 66 31 16 13 46
37 33 60 38 5 20 2 14 70 48
47 7 45 9 54 61 56 39 23 6
4 71 68 50 12
8 25 35 51 67
15 19 43 50 69
14 16 41 55 72
11 24 45 52 64
1 23 32 53 71
40 26 54 62 51 25 71 12 36 39
59 53 27 67 11 50 28 72 20 57
35 21 19 1 45 2 52 73 9 47
30 14 29 22 3 74 61 31 55 41
43 49 16 4 5 33 17 13 42 48
15 60 18 56 10 23 37 46 44 7
8 6 65 34 63 64 58 32 68 66
24 38 70 75 69
11 20 42 60 61
15 26 33 52 70
2 22 32 58 75
10 18 36 57 62
6 27 40 47 65
66 15 34 5 65 36 72 70 61 32
26 50 60 75 39 63 29 20 41 37
58 23 25 40 51 16 68 53 18 57
11 62 54 35 1 10 74 4 64 45
21 22 42 33 27 31 71 56 49 46
69 73 14 7 48 52 55 9 17 19
12 59 47 28 30 38 13 67 44 24
8 6 3 2 43
10 26 42 60 65
13 22 35 48 64
6 25 43 58 67
4 24 38 46 61
11 16 32 47 75
4 29 37 74 6 59 23 33 1 71
49 66 50 58 30 19 69 16 46 68
45 40 72 13 39 41 44 25 42 73
70 53 22 65 9 2 43 35 63 11
32 20 10 67 51 7 18 14 34 8
38 24 52 55 64 17 60 36 75 5
27 62 54 48 21 15 57 47 12 28
26 56 61 3 31
1 22 33 53 65
5 24 39 50 71
4 29 43 57 66
11 21 32 47 70
6 27 44 58 69
26 16 5 17 68 18 24 30 12 39
13 36 71 47 63 72 54 59 48 41
49 4 10 53 32 75 28 25 61 65
67 66 57 74 44 11 21 15 64 31
22 42 46 33 45 7 50 69 40 62
19 35 20 6 37 58 60 43 2 29
14 51 52 27 8 73 55 70 1 56
23 3 38 34 9
5 28 43 52 75
3 25 36 53 61
2 29 39 46 62
12 19 44 58 68
9 22 38 50 66
52 69 13 73 55 50 45 74 48 20
16 26 59 10 4 33 7 9 18 31
25 71 46 17 65 11 5 62 43 75
54 6 37 40 72 53 15 23 30 67
8 35 70 42 29 47 3 1 61 21
56 39 14 27 41 51 44 68 60 64
24 19 22 32 28 2 12 66 38 36
63 34 58 57 49
14 17 39 58 73
8 27 43 54 68
7 24 33 48 75
6 19 45 60 71
10 25 37 52 72
57 21 38 39 11 28 52 15 58 73
31 43 32 7 4 70 55 36 16 68
74 24 51 34 49 27 72 59 5 20
45 47 64 56 23 67 41 44 29 66
13 48 14 17 35 26 54 30 8 9
61 75 63 22 19 71 6 10 40 69
18 42 12 46 53 3 62 50 2 37
1 33 65 25 60
6 16 35 48 70
2 24 44 60 73
3 21 42 55 61
15 18 32 56 65
8 19 31 51 62
34 17 54 51 62 65 5 69 10 67
21 6 22 56 74 35 71 61 18 73
72 9 36 52 57 43 70 44 47 75
11 38 37 14 49 32 68 45 60 53
24 20 40 64 63 39 33 66 19 25
59 48 41 16 58 4 15 12 28 55
3 29 31 23 13 2 27 50 30 7
46 1 26 8 42
15 23 39 59 71
3 30 32 58 63
4 28 45 56 66
6 16 33 50 73
12 26 34 47 70
75 38 17 12 69 23 3 6 48 44
32 47 5 49 8 62 7 72 55 28
24 68 39 19 15 52 36 71 67 41
34 73 70 50 64 59 74 63 11 16
20 60 65 1 57 35 10 30 56 58
46 13 2 31 61 29 25 18 33 45
66 42 37 53 43 14 22 51 54 40
4 27 21 9 26
14 16 37 47 73
11 28 42 54 70
4 30 36 52 75
13 18 43 58 69
8 21 38 55 67
29 48 6 34 26 49 71 75 7 55
33 42 3 37 62 67 41 52 12 50
57 5 14 74 40 60 20 35 47 36
65 11 68 53 18 63 72 19 28 13
22 43 2 46 59 38 73 51 16 4
25 54 31 1 10 61 70 30 8 9
24 17 56 21 69 44 23 27 15 45
32 58 66 64 39
5 28 41 50 67
13 26 45 59 70
7 30 39 54 69
3 22 38 60 74
9 19 43 51 61
73 49 51 9 53 48 27 6 71 30
28 8 50 72 64 55 17 1 67 10
16 32 12 43 56 41 2 13 20 21
38 44 47 22 29 23 46 14 65 62
15 59 68 52 66 63 34 37 74 70
60 4 36 25 19 61 35 11 57 24
7 39 31 42 54 58 45 40 5 75
18 69 26 3 33
11 26 36 48 70
5 18 41 54 62
10 28 45 55 75
15 19 38 47 68
9 20 31 59 61
68 7 66 61 64 36 10 74 31 9
41 72 29 17 54 56 30 33 62 71
14 43 57 65 38 34 60 67 32 28
27 39 5 3 20 2 1 15 25 23
40 58 70 47 6 69 50 44 45 22
24 59 73 19 16 49 46 42 35 63
12 52 4 48 8 53 37 21 55 75
11 13 18 26 51
7 28 42 55 62
14 26 35 59 63
9 27 45 48 66
5 25 34 46 65
6 23 32 58 70
67 34 71 33 17 25 40 68 74 20
73 1 32 75 60 16 30 70 63 65
46 6 24 45 31 54 29 38 22 13
27 23 49 4 66 18 51 21 37 58
19 59 55 11 39 43 50 53 8 52
26 9 69 5 48 3 56 44 72 28
62 7 10 14 41 57 35 47 64 61
36 2 12 15 42
15 25 44 48 68
14 30 33 59 66
1 21 42 55 73
12 19 43 52 71
7 16 41 54 64
66 44 5 68 67 3 55 16 72 28
35 51 11 24 39 59 17 50 7 53
4 43 15 10 38 40 14 70 58 19
48 52 8 64 75 23 2 12 34 20
54 71 33 36 74 9 41 45 63 32
56 6 37 13 27 57 21 31 60 22
1 29 62 25 26 42 49 47 30 46
18 65 73 61 69
13 19 34 49 71
15 25 37 50 62
10 18 33 59 72
14 23 40 52 66
6 16 42 56 74
25 50 59 57 58 45 3 46 11 31
48 10 38 23 28 61 24 1 16 22
32 27 36 56 74 66 37 6 30 43
17 19 15 51 55 72 35 2 65 71
67 75 41 44 21 40 73 69 7 49
4 64 20 60 8 68 12 54 33 9
13 62 29 5 70 34 39 14 63 26
18 47 52 53 42
9 21 42 59 73
3 30 41 53 69
14 22 44 52 65
7 23 40 57 72
4 16 34 50 66
40 34 64 2 10 75 43 57 42 72
41 7 47 19 9 71 44 51 32 65
50 69 20 58 59 37 26 16 68 18
30 45 73 14 27 33 5 23 3 29
56 55 46 35 52 6 13 53 62 17
39 54 12 66 63 31 67 60 24 38
11 15 48 25 28 22 74 21 70 8
1 4 36 49 61
13 20 39 60 63
10 19 45 55 70
5 28 44 59 64
4 26 42 48 66
11 27 41 49 62
20 63 45 18 15 43 72 40 34 54
44 23 13 58 14 75 29 55 71 60
22 31 36 42 51 52 48 5 64 62
32 6 16 57 46 19 17 33 68 61
2 47 73 70 66 49 59 4 37 38
53 27 9 35 25 67 39 56 10 24
11 21 74 41 28 65 50 69 7 26
8 12 1 3 30
11 21 42 57 68
5 18 43 48 75
10 25 31 58 70
6 30 35 46 61
8 20 37 60 67
65 56 50 5 55 39 6 2 69 11
32 54 52 7 40 27 9 24 57 41
60 44 68 14 45 25 18 29 51 8
33 48 31 15 13 42 34 73 30 10
59 3 20 23 75 62 49 21 58 12
1 72 71 19 37 22 17 16 53 43
70 26 61 66 36 38 64 46 35 67
47 63 28 74 4
5 24 43 53 64
13 19 37 55 70
9 20 35 59 67
15 22 32 52 61
14 16 39 56 66
35 56 58 41 12 1 27 73 61 23
16 70 46 51 67 22 48 26 75 50
21 24 28 32 62 59 66 31 7 42
43 47 36 69 40 74 37 38 65 39
34 5 18 20 57 54 14 8 3 53
13 30 49 2 4 9 71 10 19 60
6 52 55 64 25 15 45 33 17 44
68 29 63 11 72
10 22 44 46 72
3 20 33 52 73
12 17 43 60 74
15 21 37 57 62
1 27 40 47 69
7 75 64 46 67 3 4 19 25 56
28 17 58 18 2 53 74 1 51 33
63 52 45 60 10 59 16 12 34 50
21 39 13 41 70 5 57 65 73 8
26 44 71 31 27 69 72 37 66 61
15 68 29 48 22 43 55 35 9 30
36 47 62 54 14 24 42 32 49 6
40 23 20 11 38
7 22 40 46 70
10 20 43 53 61
4 25 38 50 63
6 19 35 60 72
9 23 32 52 65
21 38 64 45 46 24 66 9 39 62
63 73 55 34 20 50 47 59 10 74
44 40 7 27 41 75 30 26 25 23
70 54 4 17 69 56 31 43 22 2
42 29 65 35 18 52 6 51 53 15
61 1 13 11 8 49 32 3 28 19
57 33 60 16 71 5 67 72 68 36
12 48 58 14 37
4 18 43 51 72
1 20 32 56 69
7 23 45 49 66
8 16 37 53 75
12 28 36 60 63
37 52 33 50 23 15 8 44 30 49
11 64 45 55 31 61 38 54 25 24
56 47 3 35 12 6 27 2 53 62
72 20 18 75 9 69 32 16 58 71
60 66 29 63 34 41 39 67 36 7
70 42 68 5 28 43 14 21 74 40
48 51 73 26 59 57 4 13 22 1
19 17 46 10 65
14 21 42 53 63
11 23 45 55 68
9 19 33 57 65
1 30 32 47 67
3 17 35 50 75
3 53 70 27 65 2 62 35 29 26
52 30 16 4 24 21 31 61 22 56
51 15 49 67 13 57 50 10 45 44
41 59 8 43 17 19 25 54 63 34
37 33 6 55 42 58 75 32 69 40
73 28 38 74 72 39 7 18 1 64
46 5 48 23 47 71 20 60 36 68
11 66 9 12 14
6 26 31 53 74
2 17 43 48 65
5 28 44 50 68
15 20 35 60 71
11 30 39 57 73
73 37 10 67 51 71 75 18 30 70
16 57 60 58 61 52 74 32 27 19
31 5 34 69 65 54 21 41 63 15
36 33 43 25 3 42 20 23 39 46
8 38 50 2 47 11 4 45 1 40
64 9 14 56 29 72 68 49 26 13
22 53 7 62 35 59 12 44 24 48
66 28 55 17 6
11 23 41 50 69
1 21 31 51 65
5 16 43 59 74
13 29 42 53 71
14 25 38 46 68
41 22 24 46 72 61 7 62 9 23
10 8 49 57 15 50 51 42 58 1
20 43 73 17 70 18 68 30 59 26
11 71 60 2 5 67 19 75 39 29
48 34 3 32 33 4 13 74 66 44
16 28 6 38 12 25 37 69 54 53
64 65 47 14 52 55 40 56 21 31
45 27 63 36 35
11 25 38 47 66
5 27 45 49 72
15 26 31 46 74
6 23 42 60 71
8 22 37 58 75
19 33 28 44 48 4 45 6 41 67
39 43 9 24 61 1 25 64 66 32
36 30 74 10 12 27 54 75 68 56
58 60 11 69 71 3 40 18 46 5
13 37 15 38 34 20 47 22 62 57
8 50 17 55 72 70 49 31 63 35
42 2 53 29 21 65 26 52 23 59
51 73 7 16 14
7 30 45 50 73
4 21 41 48 64
5 24 39 59 75
13 27 37 53 62
15 22 36 52 61
3 10 55 2 16 8 49 62 26 33
74 9 45 7 60 46 66 48 31 21
1 22 58 19 69 52 38 61 72 44
65 59 50 20 4 68 17 28 54 63
71 57 5 29 36 64 39 23 41 32
51 25 56 30 35 18 37 11 34 6
70 47 24 40 53 12 42 15 67 73
13 75 27 43 14
13 25 33 59 61
11 22 37 49 62
2 29 32 48 71
14 16 36 57 65
7 27 39 60 68
59 8 51 1 38 30 4 45 5 37
23 16 60 47 46 12 6 62 53 24
20 57 25 48 70 13 18 26 69 52
28 29 67 75 50 74 7 71 39 14
33 68 49 36 3 34 27 35 17 54
21 64 72 9 40 11 56 22 42 65
61 55 58 2 10 63 31 44 32 43
15 66 41 73 19
14 27 44 50 67
9 19 40 54 63
13 20 36 59 70
5 17 41 55 68
4 28 31 48 71
65 54 6 10 63 31 26 1 27 60
46 42 12 39 62 18 48 29 20 30
7 44 35 17 72 53 32 2 50 21
67 71 13 51 25 15 74 73 4 24
19 14 49 8 69 70 23 41 3 11
56 38 52 47 43 45 9 16 5 59
33 37 40 55 66 68 34 58 28 22
57 36 61 75 64
7 29 33 58 74
1 27 36 60 61
10 30 43 51 72
2 26 41 56 66
4 22 39 55 75
39 1 59 54 21 6 2 63 67 10
73 40 61 24 52 65 9 30 57 68
42 31 18 38 5 64 29 7 72 44
58 51 17 20 13 14 43 50 56 28
22 66 27 35 12 3 16 71 75 19
49 15 23 69 46 74 37 36 55 4
62 70 33 25 34 53 26 11 48 60
8 41 32 45 47
3 26 34 57 68
5 22 43 50 72
11 23 41 48 66
13 17 36 49 67
12 29 38 56 63
46 21 65 63 3 31 40 39 41 18
36 6 7 68 50 58 25 42 59 20
22 23 62 43 35 2 38 54 29 56
26 45 74 9 4 16 64 5 51 27
13 15 61 73 44 8 34 57 12 37
53 67 47 52 10 71 75 17 49 66
69 72 55 48 33 19 70 1 28 60
11 32 24 30 14
8 17 41 60 70
2 29 33 55 73
1 21 45 54 67
4 28 44 48 74
5 22 36 50 75
74 26 49 42 2 14 62 54 44 39
64 59 8 70 69 50 41 21 9 73
12 7 47 40 68 58 34 25 3 43
63 71 65 61 19 56 32 36 27 18
23 16 66 52 57 45 29 46 38 31
1 28 20 15 75 30 35 53 48 4
37 67 13 55 6 17 33 51 22 72
60 5 10 24 11
9 17 32 57 65
15 19 43 54 71
10 29 40 53 64
1 16 44 46 74
4 25 36 48 63
37 36 14 42 13 15 58 73 57 71
12 26 18 4 46 72 6 53 65 49
25 50 70 47 17 45 27 7 43 69
39 1 52 38 11 29 23 9 48 68
32 28 54 3 10 33 60 34 67 19
22 63 75 40 2 35 51 59 62 24
66 41 20 30 61 5 16 44 74 21
56 64 8 31 55
7 23 43 53 64
14 24 36 46 65
2 27 45 49 73
15 19 44 47 66
4 25 37 51 74
6 59 35 5 9 17 51 1 47 74
63 23 34 14 7 10 37 12 28 73
66 75 24 15 42 33 71 40 2 27
31 55 64 4 29 67 46 68 30 39
44 57 62 32 38 11 3 19 21 36
20 72 48 58 16 43 60 61 50 65
18 8 52 22 45 25 70 54 49 26
41 69 13 53 56
3 20 36 59 68
7 16 35 46 65
9 26 32 57 66
13 19 40 60 67
4 24 44 51 64
63 1 31 62 74 75 61 6 34 21
36 68 26 47 69 60 28 10 73 19
41 48 14 25 65 52 4 5 40 27
32 7 71 8 59 22 54 42 17 44
58 9 39 37 51 43 20 49 57 11
35 46 55 56 12 72 3 45 50 23
30 67 16 24 2 66 64 53 18 29
15 38 33 70 13
3 25 42 56 69
1 27 41 60 64
9 22 37 46 67
10 26 34 55 62
5 16 32 53 63
11 53 15 35 1 57 42 62 5 8
61 34 50 10 49 25 68 44 59 23
9 14 24 30 33 69 66 67 72 70
54 27 71 47 46 63 29 2 38 43
73 21 17 26 22 45 56 12 64 58
75 40 74 19 4 60 18 65 28 39
31 51 16 6 52 3 7 13 20 32
36 37 48 55 41
13 29 43 57 75
10 19 34 53 66
9 22 31 48 70
4 21 33 46 71
12 26 41 52 62
50 42 19 63 55 43 38 27 28 66
14 68 70 53 41 60 17 67 48 21
62 61 30 74 11 52 10 51 15 12
25 75 18 3 49 9 71 8 36 29
69 6 54 44 72 2 5 39 65 73
56 1 4 22 34 57 24 16 40 35
31 32 64 23 26 20 13 47 37 58
46 59 7 33 45
15 20 34 56 66
2 24 33 51 71
6 30 35 57 68
14 26 40 50 63
4 18 41 46 74
31 27 1 15 34 48 63 24 59 44
2 62 58 50 53 71 70 46 13 23
9 5 64 69 17 6 35 61 51 8
25 43 75 74 7 14 36 4 57 20
72 42 29 49 12 19 40 66 45 55
3 11 60 54 52 38 68 10 65 28
33 21 39 37 32 30 67 56 22 16
47 73 18 41 26
1 24 34 51 66
15 22 44 48 69
7 21 39 52 73
6 30 38 59 72
3 16 36 50 71
4 74 17 33 58 16 52 20 49 2
22 26 45 15 23 61 29 70 8 25
60 43 66 59 67 7 13 47 18 6
46 69 39 31 57 32 1 14 55 72
68 51 37 21 64 40 27 63 11 41
44 35 53 3 19 9 28 75 73 65
50 24 5 62 10 56 54 30 48 34
42 12 36 38 71
10 27 37 50 74
4 21 33 58 73
12 26 36 47 62
8 25 35 57 63
6 23 39 53 64
18 40 48 7 9 35 63 41 72 34
64 15 31 28 33 10 39 21 29 70
5 17 46 22 4 54 67 59 57 69
19 14 30 49 11 44 27 3 23 13
37 2 45 74 38 6 75 66 8 12
56 73 51 26 53 52 24 60 55 43
25 58 71 36 65 47 50 42 20 62
1 16 32 68 61
11 22 43 51 66
6 29 40 58 65
10 28 36 52 73
7 23 37 57 71
2 30 35 53 67
27 68 41 7 40 72 26 19 9 53
46 13 43 60 63 56 65 57 45 42
47 20 38 67 22 35 70 48 16 10
69 39 64 21 28 8 73 15 37 54
51 29 61 25 36 58 4 2 32 12
59 33 50 5 14 75 62 52 30 11
66 34 74 17 18 55 24 31 44 71
6 3 23 49 1
7 27 39 54 70
11 22 31 55 68
13 26 32 51 73
10 24 35 60 67
1 29 43 53 65
4 50 36 35 52 59 20 65 56 26
31 24 55 28 19 18 71 60 68 46
16 27 11 34 45 10 8 73 5 30
74 66 23 44 2 37 75 43 47 64
48 53 69 15 54 6 13 70 14 38
67 32 17 42 39 62 7 33 1 3
51 9 12 22 25 72 40 57 58 61
21 29 41 49 63
5 21 40 55 74
1 30 41 47 63
7 19 39 58 75
9 17 34 60 70
14 24 38 57 64
46 62 22 4 47 70 67 50 30 60
41 24 56 16 10 14 64 49 71 17
72 21 63 43 66 48 73 45 19 61
65 53 18 39 38 35 75 3 36 40
2 57 27 34 11 12 58 32 9 59
20 68 69 13 44 5 74 52 15 51
54 55 7 33 31 29 6 42 8 25
26 1 28 37 23
14 22 38 55 75
2 30 41 51 65
6 21 43 59 63
7 28 40 46 71
3 23 44 58 72
19 23 30 29 54 73 41 59 20 17
12 7 22 68 42 67 1 45 2 56
10 75 35 28 72 3 47 53 5 21
70 15 61 46 52 40 62 13 16 37
18 9 66 64 63 51 57 24 32 25
8 43 27 69 44 65 48 49 58 50
6 71 4 34 60 39 36 74 31 38
26 55 33 14 11
7 26 31 47 61
12 17 36 54 67
5 30 33 46 65
4 29 32 60 63
14 20 44 49 75
69 47 15 32 33 40 75 62 64 14
63 31 21 71 38 48 54 73 27 23
46 12 50 36 18 61 10 7 26 11
59 20 22 13 2 28 6 25 30 34
1 41 16 58 49 68 19 52 57 17
43 74 72 8 39 29 56 53 70 60
5 37 4 51 24 3 65 42 67 35
55 66 45 9 44
14 30 34 54 75
12 27 38 58 64
9 26 35 48 70
7 16 33 51 66
10 19 43 50 67
53 18 1 47 29 40 72 20 49 54
28 43 55 27 5 14 22 31 66 35
63 12 33 8 56 17 7 64 58 48
68 44 11 41 6 45 69 70 21 46
38 73 13 2 37 26 61 32 19 42
24 67 34 23 75 36 74 10 30 65
52 3 62 51 60 59 57 50 16 15
9 4 25 39 71
10 29 31 51 65
4 19 34 55 73
15 22 42 49 62
13 17 37 52 63
9 20 43 54 67
17 59 75 30 43 12 21 54 26 22
10 14 74 23 3 16 60 36 57 51
52 66 70 61 69 37 38 32 65 13
2 1 18 6 67 34 40 71 41 5
68 19 7 62 73 9 20 63 50 46
64 56 44 55 27 25 53 35 31 47
33 24 49 39 4 42 58 15 29 11
48 72 28 8 45
13 19 42 48 61
5 26 45 60 75
12 22 44 54 66
6 17 40 50 74
8 25 43 46 71
63 38 34 14 17 1 73 30 12 5
71 68 18 66 40 36 57 23 25 3
50 58 41 4 15 51 9 64 24 29
11 72 37 31 65 42 75 48 44 16
35 52 60 61 6 54 45 59 26 74
21 43 49 2 47 19 69 27 56 28
7 13 10 53 70 33 8 62 32 20
67 55 46 39 22
14 27 39 55 63
10 17 44 52 62
8 26 33 48 69
2 30 42 54 66
13 28 32 58 74
74 28 8 63 49 64 60 47 53 35
31 41 26 5 13 52 67 65 10 51
54 30 17 23 66 44 6 16 50 22
1 72 40 18 24 14 20 25 69 15
38 71 75 27 39 11 73 57 37 58
46 9 3 21 12 68 70 45 43 56
55 32 7 19 29 59 42 48 2 36
62 61 33 4 34
8 19 34 47 61
11 17 33 56 71
4 29 31 53 65
6 18 43 58 69
13 30 32 57 66
19 35 4 61 45 30 52 22 47 17
20 62 74 71 12 57 18 38 14 46
39 34 54 26 75 59 29 6 50 68
48 60 23 13 67 3 43 11 49 15
40 24 28 53 42 51 41 55 7 5
66 56 1 16 37 8 2 63 32 9
69 70 72 58 27 33 65 31 64 25
44 10 73 36 21
13 30 37 57 62
6 29 34 47 69
10 17 32 58 64
3 19 42 55 70
12 28 39 52 66
13 69 72 45 74 49 42 7 38 62
12 33 28 32 35 73 4 27 48 34
29 36 16 52 40 37 75 1 57 8
43 10 30 64 50 70 9 47 66 46
41 14 44 65 17 25 63 20 24 3
58 11 71 15 61 60 19 54 55 23
39 31 6 53 26 68 2 56 59 5
22 51 18 67 21
14 24 44 59 70
13 30 34 51 75
5 28 40 49 64
3 18 33 60 62
6 20 32 56 68
46 69 6 12 59 21 16 9 70 55
2 40 20 71 11 47 50 7 43 54
57 22 60 14 65 33 73 35 39 10
41 26 48 27 3 28 49 74 53 25
68 8 67 52 5 56 51 64 34 42
17 62 24 37 44 1 38 36 45 63
15 72 18 4 29 19 58 30 61 66
13 75 23 32 31
2 21 33 52 68
12 27 34 58 71
8 22 39 57 69
11 20 45 51 64
4 26 35 48 73
11 46 32 71 56 16 62 73 64 20
45 18 9 51 39 7 50 40 2 70
13 1 37 25 36 58 26 10 68 69
22 29 19 30 72 38 41 57 27 43
6 5 12 34 21 54 28 49 14 8
74 31 67 35 33 66 59 60 42 61
52 17 3 63 53 15 75 47 4 65
48 44 23 24 55
15 16 44 57 62
14 24 43 50 67
1 20 37 55 73
3 22 32 49 70
9 17 36 53 63
5 22 27 69 1 11 24 67 23 30
6 43 62 39 54 55 75 50 57 18
49 51 53 2 40 21 61 42 74 63
32 64 46 19 70 26 8 65 3 20
25 4 17 29 34 44 12 16 10 31
47 9 48 68 59 38 72 71 36 37
33 56 7 52 28 45 41 14 15 60
73 66 35 58 13
11 30 40 47 63
15 20 31 52 67
13 22 35 51 65
9 19 32 59 71
3 24 43 55 69
4 12 29 45 22 3 42 24 25 35
57 53 69 20 5 26 67 6 49 72
10 2 36 51 73 37 65 28 62 46
14 17 44 18 1 55 13 30 52 33
11 54 74 38 68 70 40 71 34 27
9 66 43 63 7 75 8 47 19 64
39 23 48 50 32 59 56 16 41 31
58 60 15 61 21
12 20 36 52 68
3 18 35 51 65
13 23 33 56 69
1 28 44 48 75
9 16 31 59 63
26 37 47 29 4 31 66 51 28 24
59 46 71 7 15 74 17 44 18 8
40 6 48 30 56 61 52 23 45 62
60 5 25 70 11 49 22 39 35 16
21 67 19 1 12 2 32 33 43 10
57 34 41 65 38 13 3 63 50 27
73 36 72 69 64 53 42 55 58 14
68 20 54 9 75
12 17 43 51 63
6 16 36 60 74
11 25 34 57 62
5 27 44 52 73
8 23 31 48 72
41 22 4 58 6 24 13 7 21 9
53 70 73 27 5 63 46 38 57 2
62 34 48 30 32 1 17 65 52 16
15 54 8 44 12 72 29 69 39 25
40 36 56 3 49 31 23 67 43 42
74 66 19 10 50 60 37 55 20 26
33 14 75 28 71 35 51 11 68 64
59 18 61 47 45
8 29 31 49 72
11 30 40 50 63
10 18 41 60 61
5 20 43 57 67
7 24 38 47 75
43 48 75 56 60 36 57 64 8 54
28 17 47 73 3 70 72 69 23 37
63 58 62 35 7 19 45 66 40 55
34 41 46 6 4 50 1 16 21 24
71 13 59 53 29 30 22 61 51 65
49 2 10 74 31 18 25 15 14 52
5 42 12 9 32 39 38 11 68 33
67 20 27 26 44
6 27 39 47 68
3 25 35 59 67
2 17 31 52 71
10 22 42 58 70
14 28 33 55 66
1 34 31 46 8 30 13 71 50 6
49 16 36 41 65 7 35 28 24 48
15 18 10 68 37 64 4 27 59 69
53 25 52 20 45 21 32 26 62 54
43 5 12 70 42 44 57 14 38 23
58 73 67 75 56 40 51 19 29 72
17 47 74 66 11 63 39 60 2 33
9 55 22 61 3
12 27 41 47 67
5 20 45 55 70
14 21 37 59 71
11 26 44 49 73
3 17 40 60 66
42 37 19 62 5 59 2 25 55 72
41 18 38 16 23 64 24 22 40 74
75 14 10 15 63 27 11 58 52 7
43 17 54 26 9 70 44 48 21 67
50 66 49 36 29 68 8 6 69 51
4 20 13 65 46 45 35 73 32 53
47 61 56 1 34 3 28 30 57 60
12 33 31 39 71
15 17 44 58 65
14 24 37 51 69
5 18 43 47 70
8 26 40 49 68
11 22 36 59 66
16 22 48 65 21 46 67 37 27 23
35 50 56 14 36 31 18 7 29 60
32 63 71 41 25 53 13 3 69 28
45 34 26 57 43 54 38 39 64 12
5 68 20 44 73 74 42 15 75 1
70 33 10 19 17 6 2 62 9 51
47 49 11 30 8 24 55 66 58 4
72 59 40 52 61
5 26 31 56 75
1 23 43 47 62
14 20 35 53 63
9 30 44 57 70
3 22 40 50 68
23 43 38 22 64 50 69 16 54 45
58 39 31 19 53 20 61 25 8 10
49 2 26 52 46 66 74 56 71 34
5 68 57 60 7 12 27 15 28 59
51 70 30 36 13 62 6 67 44 72
11 29 32 65 14 42 48 33 63 21
55 73 24 9 17 40 35 47 3 37
75 1 4 41 18
5 27 31 48 67
14 24 33 51 61
2 22 44 50 74
4 19 35 56 70
1 16 43 59 64
42 22 24 66 70 28 25 32 11 12
40 62 14 17 13 30 26 33 49 21
41 60 5 61 19 3 53 75 67 35
44 58 34 9 65 71 23 4 27 54
51 31 1 39 29 74 47 20 6 57
15 50 48 38 36 37 43 10 59 8
46 45 72 7 18 69 56 55 68 63
52 73 2 64 16
9 28 37 58 73
7 29 44 47 63
10 24 33 49 72
6 26 31 59 68
3 30 41 52 66
48 9 42 75 27 7 12 33 2 64
49 19 29 62 52 31 41 67 36 74
32 59 5 8 26 69 25 72 28 46
10 50 53 30 4 23 65 14 57 66
21 73 6 11 43 22 15 1 47 56
16 61 13 18 40 34 44 51 70 35
17 71 55 54 68 24 38 39 20 60
37 45 3 63 58
11 30 41 47 64
12 18 35 59 62
6 26 45 53 68
14 25 40 49 74
4 23 37 52 69
33 24 51 64 21 42 37 31 17 66
74 63 7 38 23 15 60 9 49 40
47 54 65 25 4 36 44 11 6 30
72 28 10 34 62 46 73 13 3 8
70 19 55 45 43 50 59 67 39 12
48 69 71 75 53 61 29 1 22 32
56 16 52 18 57 14 41 27 26 68
2 5 35 20 58
6 16 38 51 67
8 19 37 48 62
12 17 45 55 74
3 27 34 50 64
7 30 44 47 61
33 44 67 9 66 28 34 24 14 63
3 22 68 20 55 21 19 62 73 54
71 49 7 43 60 36 26 72 65 6
35 30 58 12 70 39 8 18 31 50
45 56 59 41 27 42 11 2 1 46
25 16 53 17 13 40 51 23 61 52
57 37 32 74 38 47 64 10 69 48
29 5 75 4 15
14 18 40 57 72
1 19 35 54 70
8 21 42 59 64
5 29 31 58 61
2 26 43 50 74
24 45 75 48 15 58 53 27 11 39
61 16 37 9 38 30 69 55 62 59
42 22 71 31 51 54 4 13 72 74
50 26 44 8 52 23 18 32 43 56
49 10 67 57 33 73 41 25 35 46
65 68 34 1 20 66 5 47 12 28
36 7 17 60 3 6 2 29 14 40
19 63 64 21 70
4 20 39 47 67
8 26 41 48 74
5 22 45 52 69
9 16 43 54 71
13 30 44 51 72
47 56 61 46 53 2 44 31 48 75
54 67 43 19 21 71 35 64 45 28
20 1 32 4 15 5 27 74 33 22
40 16 63 24 6 42 8 72 30 17
62 50 9 65 60 25 14 57 7 73
3 68 37 23 11 29 13 70 41 34
18 38 52 69 26 36 66 58 10 59
12 39 49 55 51
7 17 36 49 72
1 27 32 48 64
11 30 38 50 74
8 20 43 58 68
9 25 34 46 70
18 8 13 31 19 5 40 2 51 45
11 69 44 36 21 3 38 62 34 29
67 35 70 28 49 48 12 25 61 63
30 56 41 24 37 60 26 43 6 75
57 16 23 1 52 9 39 72 17 55
33 42 10 15 65 54 58 66 50 74
27 4 46 59 32 64 47 73 68 53
22 7 14 20 71
15 24 39 59 74
4 29 35 49 61
6 22 45 47 72
1 27 37 54 70
12 18 34 51 71
13 30 48 24 42 18 3 25 4 15
21 39 73 6 36 43 32 10 70 35
66 65 62 71 33 72 16 69 50 60
31 47 8 55 22 46 75 14 27 45
49 57 11 68 26 28 54 34 37 56
29 5 17 2 53 23 9 61 19 64
7 1 38 67 12 51 44 59 20 74
63 52 40 58 41
2 23 32 47 72
13 27 40 46 68
3 18 33 60 61
4 28 35 52 69
9 16 38 59 75
8 16 6 18 48 23 21 35 10 60
51 41 20 33 61 29 54 42 14 9
36 65 47 34 49 69 72 59 1 27
28 58 73 37 5 4 19 39 63 68
53 13 22 7 71 74 26 64 43 25
38 66 56 24 17 50 12 40 2 62
31 45 15 55 57 32 11 46 52 67
75 3 70 30 44
15 29 34 51 75
4 30 31 53 69
5 25 39 50 62
12 22 36 54 73
8 23 40 59 72
68 25 2 39 54 29 14 21 23 32
66 11 35 45 40 26 7 10 41 57
46 20 59 74 50 15 58 28 69 73
61 65 37 56 70 17 44 43 33 8
4 48 16 72 67 31 53 55 18 34
24 13 64 19 5 49 22 36 75 30
63 42 38 52 12 60 71 9 47 1
3 62 51 6 27
14 18 35 58 69
12 25 33 53 75
4 20 39 49 72
7 23 44 50 68
2 21 45 48 65
40 13 46 63 72 5 67 47 14 60
6 73 64 8 66 69 18 25 35 61
44 74 26 56 10 55 4 20 43 50
29 22 34 57 23 2 51 32 45 39
59 9 38 11 41 12 65 21 31 53
62 19 17 42 58 33 24 1 37 70
68 48 71 54 28 30 7 27 49 75
36 52 16 15 3
2 18 31 52 65
15 21 37 54 73
7 28 35 55 74
4 23 41 56 62
14 20 38 59 72
74 2 72 30 5 22 35 29 27 54
57 52 68 32 71 14 19 51 3 9
13 8 62 40 25 41 10 4 24 66
45 46 7 31 11 59 70 18 28 64
1 6 26 58 44 55 12 20 67 48
33 47 75 36 63 50 23 34 38 69
60 42 21 37 16 39 49 53 61 65
43 56 15 73 17
15 20 45 46 61
11 21 40 50 67
10 17 31 51 73
3 18 41 48 66
13 22 32 57 69
28 6 33 58 65 20 11 69 8 13
2 12 36 59 14 60 23 54 64 73
72 48 24 46 31 37 61 7 63 38
49 55 56 44 40 51 53 67 57 19
45 27 75 3 62 70 43 17 71 18
29 10 35 52 32 42 4 1 41 50
47 25 74 68 15 26 34 9 30 39
66 5 16 22 21
14 18 34 47 68
15 29 42 59 70
9 22 38 51 69
10 17 43 54 71
4 27 31 60 64
12 61 46 67 35 8 58 3 57 72
50 31 1 5 40 15 21 60 37 64
62 54 73 20 69 7 16 55 18 71
19 48 65 56 45 13 10 41 4 17
39 36 33 27 23 38 28 53 11 24
2 29 25 42 26 34 59 49 32 47
70 43 52 68 75 22 9 74 14 30
66 51 6 44 63
1 19 34 54 68
11 27 36 47 69
8 16 44 46 64
4 28 35 59 72
13 17 40 50 63
16 48 66 36 12 8 49 50 71 67
23 63 30 69 10 26 60 17 34 32
51 64 19 55 73 9 37 53 41 3
59 70 24 31 43 18 14 56 27 46
1 38 11 5 4 13 25 57 22 40
42 28 47 52 33 72 15 58 7 54
21 45 39 2 68 74 44 61 65 20
62 35 29 75 6
11 21 45 51 62
6 28 43 54 72
15 23 34 60 63
7 25 31 58 65
10 27 41 55 74
63 9 4 38 22 5 52 45 19 18
10 33 23 15 64 57 70 25 8 42
3 59 27 6 16 54 28 62 49 58
34 66 39 21 2 36 67 13 1 7
68 50 26 65 24 29 35 75 46 71
74 32 40 30 69 12 51 73 47 20
41 61 44 43 37 17 60 53 55 11
56 48 31 72 14
14 25 43 59 70
8 18 45 56 66
15 16 34 55 73
4 17 37 51 74
13 19 39 53 67
24 50 59 39 34 30 26 47 18 48
35 9 73 32 1 42 51 49 70 54
27 6 69 4 17 10 3 40 46 21
63 12 36 16 22 33 57 71 43 2
25 41 75 7 14 64 29 56 38 5
58 8 13 23 68 37 20 15 44 60
28 74 61 65 11 53 31 19 52 55
45 67 72 62 66
15 27 33 56 63
3 17 37 58 69
10 19 38 51 73
12 25 31 48 68
14 30 45 47 74
53 68 11 6 72 12 31 18 32 54
30 56 40 2 69 43 73 58 23 45
49 5 61 28 19 62 8 15 75 67
36 39 17 64 26 24 63 59 21 47
20 38 48 52 1 37 65 27 44 70
55 60 16 10 4 9 3 7 13 41
74 57 66 50 25 71 14 33 35 29
46 42 22 51 34
6 26 44 50 68
9 17 45 56 61
3 16 43 51 66
12 30 35 48 72
14 22 36 47 64
14 25 59 15 75 47 21 37 6 29
24 49 42 52 64 3 61 32 63 45
10 2 43 27 1 18 54 7 73 31
30 44 48 68 74 11 38 55 16 9
58 8 60 22 50 40 53 71 12 23
70 41 62 69 67 35 4 19 13 65
56 34 26 39 33 51 57 66 28 20
36 46 5 17 72
11 16 42 49 63
6 30 33 60 74
4 17 37 56 69
1 28 44 54 67
15 23 35 50 62
70 19 49 9 43 27 29 41 71 62
55 61 44 73 54 56 2 26 69 17
33 11 1 28 72 18 48 6 31 7
53 40 16 63 64 8 60 67 47 35
32 13 45 66 22 52 36 10 30 15
25 74 4 24 68 21 46 59 75 57
50 58 39 12 3 38 20 65 5 37
14 42 51 23 34
11 29 36 53 62
1 25 40 55 75
13 20 34 56 73
4 22 38 57 74
7 23 39 59 64
22 9 71 37 56 28 25 74 33 44
24 49 54 27 70 17 43 8 69 39
55 58 29 20 40 5 6 53 35 65
12 73 7 41 60 36 32 1 3 67
46 31 50 2 11 64 75 57 15 30
47 18 45 4 38 51 23 52 21 62
63 72 16 13 42 14 48 61 68 19
10 66 59 26 34
